Precision: 0.2101797150457366
Recall: 0.10915163799528986
F1 Score: 0.12001118275390336
Accuracy: 0.832367849384504
