Precision: 0.22794115249579386
Recall: 0.1150556959717167
F1 Score: 0.12516754751499998
Accuracy: 0.8176938523324065
