Precision: 0.5119067399561209
Recall: 0.4472949524719235
F1 Score: 0.40554491129317133
Accuracy: 0.8493845039826213
