Precision: 0.5713140263466895
Recall: 0.5296480614472542
F1 Score: 0.5416133498894499
Accuracy: 0.8804262710438544
