Precision: 0.32858999991001236
Recall: 0.33273560786195094
F1 Score: 0.26676410581713167
Accuracy: 0.5935340572556762
