Precision: 0.5305128839841023
Recall: 0.5384991496415463
F1 Score: 0.5088380235089297
Accuracy: 0.8760740509295423
