Precision: 0.2739632025289819
Recall: 0.20657298547962014
F1 Score: 0.24456064643475642
Accuracy: 0.77962469937350926
