Precision: 0.27638674132895377
Recall: 0.12248636164536296
F1 Score: 0.18486590080312682
Accuracy: 0.68783490224475017
